8.910000000000000000e+02
7.420000000000000000e+02
9.840000000000000000e+02
3.540000000000000000e+02
8.950000000000000000e+02
4.650000000000000000e+02
3.110000000000000000e+02
8.820000000000000000e+02
6.600000000000000000e+01
1.890000000000000000e+02
2.120000000000000000e+02
4.270000000000000000e+02
7.200000000000000000e+02
8.410000000000000000e+02
4.580000000000000000e+02
7.610000000000000000e+02
4.970000000000000000e+02
7.090000000000000000e+02
5.690000000000000000e+02
2.870000000000000000e+02
2.330000000000000000e+02
4.230000000000000000e+02
3.840000000000000000e+02
1.570000000000000000e+02
1.370000000000000000e+02
6.970000000000000000e+02
5.080000000000000000e+02
6.460000000000000000e+02
6.400000000000000000e+02
4.390000000000000000e+02
2.990000000000000000e+02
4.360000000000000000e+02
9.800000000000000000e+02
4.400000000000000000e+01
1.320000000000000000e+02
1.340000000000000000e+02
6.480000000000000000e+02
9.880000000000000000e+02
8.800000000000000000e+02
8.520000000000000000e+02
3.270000000000000000e+02
4.710000000000000000e+02
9.830000000000000000e+02
2.810000000000000000e+02
9.940000000000000000e+02
6.200000000000000000e+01
9.950000000000000000e+02
8.700000000000000000e+02
2.390000000000000000e+02
1.160000000000000000e+02
2.210000000000000000e+02
1.530000000000000000e+02
3.770000000000000000e+02
4.310000000000000000e+02
9.250000000000000000e+02
6.950000000000000000e+02
3.030000000000000000e+02
5.690000000000000000e+02
1.900000000000000000e+01
4.770000000000000000e+02
8.000000000000000000e+00
2.460000000000000000e+02
9.820000000000000000e+02
9.370000000000000000e+02
7.270000000000000000e+02
9.630000000000000000e+02
9.480000000000000000e+02
3.490000000000000000e+02
8.520000000000000000e+02
7.620000000000000000e+02
6.970000000000000000e+02
3.930000000000000000e+02
1.860000000000000000e+02
6.180000000000000000e+02
4.110000000000000000e+02
6.440000000000000000e+02
6.120000000000000000e+02
9.900000000000000000e+02
7.510000000000000000e+02
2.800000000000000000e+01
4.260000000000000000e+02
9.210000000000000000e+02
4.300000000000000000e+01
2.640000000000000000e+02
7.630000000000000000e+02
3.560000000000000000e+02
1.570000000000000000e+02
8.370000000000000000e+02
3.230000000000000000e+02
5.780000000000000000e+02
8.900000000000000000e+01
6.080000000000000000e+02
6.170000000000000000e+02
8.370000000000000000e+02
4.750000000000000000e+02
3.200000000000000000e+01
7.090000000000000000e+02
6.870000000000000000e+02
9.640000000000000000e+02
3.530000000000000000e+02
