simple_rnn_12/simple_rnn_cell_12/kernel:0
(1, 80)
[[ 0.15564236 -0.1476656   0.16033125 -0.21143885  0.15507399  0.21394974
  -0.01154499  0.24927832  0.08178546 -0.18282486 -0.00960999  0.05049556
  -0.21027799 -0.19158295  0.19017717  0.18008256 -0.12999696 -0.0390063
   0.12330313  0.16201667  0.16016106 -0.08824746  0.18834852 -0.00795312
   0.07349771 -0.10315713  0.20708297 -0.00773721 -0.12526648  0.03768108
   0.16210489  0.01061669 -0.08756737 -0.20943764 -0.12904857 -0.07562021
  -0.0395527   0.08626861 -0.00357997  0.01818025  0.20079625 -0.07881475
  -0.21358752  0.16974093  0.05732306 -0.14700547 -0.14904092  0.12764765
   0.0381278   0.03662897 -0.18915303  0.08828226 -0.13858952 -0.06169458
   0.22255737 -0.18592547 -0.23046812  0.20887649  0.03851984 -0.04154157
  -0.15910618  0.12279321  0.19280946 -0.12526299  0.17454456  0.19672114
   0.05651286  0.0632799  -0.08119622 -0.09790903  0.0961776   0.219722
   0.1392253  -0.0497627   0.15415457 -0.10807966 -0.22175258 -0.10580838
  -0.17872    -0.20033783]]
simple_rnn_12/simple_rnn_cell_12/recurrent_kernel:0
(80, 80)
[[-0.2513765  -0.18329923 -0.0544899  ... -0.1384032  -0.06998201
   0.06633776]
 [ 0.02558738  0.08461141 -0.14698102 ... -0.2064326   0.05927865
   0.1471131 ]
 [ 0.01004862  0.20014045 -0.18171723 ...  0.17285107 -0.00178187
  -0.06068927]
 ...
 [-0.04264321  0.15922014 -0.02711502 ... -0.07064601  0.0010704
  -0.13368934]
 [-0.03031417 -0.00339963  0.19408321 ... -0.10423707  0.01405723
  -0.15227887]
 [ 0.10048354 -0.17311253  0.11583038 ... -0.06092561  0.08006962
  -0.08798216]]
simple_rnn_12/simple_rnn_cell_12/bias:0
(80,)
[-1.3809714e-02  7.7284174e-04 -1.6587293e-02  1.6951049e-02
 -6.7416825e-03 -7.3305587e-03  3.3704834e-03 -2.2876840e-03
 -8.5278815e-03  8.2736146e-03  9.5164240e-04 -9.8804822e-03
  5.8572758e-03  9.2492448e-03 -1.1857373e-02 -2.0223910e-02
  5.0745602e-03 -5.7344101e-03 -3.0306866e-03 -1.3393075e-02
 -1.9345229e-02  4.2210598e-03  1.2282318e-03 -3.6553410e-04
 -2.6313085e-04  4.6459171e-03 -2.2253893e-02 -1.0361946e-02
  1.4002031e-02  5.1594730e-03 -1.1108409e-02 -2.7373775e-03
  3.2961487e-03  1.6958917e-02  1.3768525e-02  7.5036689e-04
  7.6559634e-04 -6.7184777e-03  2.6378629e-03  8.4737892e-04
 -9.3605928e-03  2.3235818e-03  1.0340513e-02 -1.1545726e-02
 -2.7636837e-03  2.1956228e-02  1.2189543e-02 -4.5913286e-03
  2.7109359e-03 -4.7328035e-04  8.3412761e-03 -5.8091022e-03
  1.8914305e-02  8.8756820e-03 -1.0308985e-02  2.3110501e-02
  1.7747194e-02 -1.4100899e-02 -9.6834185e-05  3.4475396e-03
  1.5307905e-02 -7.4543809e-03 -1.1555807e-02  3.8415778e-03
 -1.1270551e-02 -2.0178743e-02  2.1333247e-04 -1.3899061e-02
  4.1520121e-03  3.5081243e-03 -5.8950214e-03 -7.0652026e-03
 -1.6223421e-02  6.6945242e-04 -7.9782559e-03  9.2652552e-03
  9.0117697e-03  3.1425685e-03  1.6327444e-02  6.0578999e-03]
simple_rnn_13/simple_rnn_cell_13/kernel:0
(80, 100)
[[-0.10300867 -0.03499812 -0.01478005 ...  0.1561167   0.07565464
   0.10790297]
 [ 0.00116566  0.03685158  0.00902614 ... -0.02137954 -0.1051304
   0.06117171]
 [-0.13009077  0.06597947 -0.08076799 ...  0.11985712 -0.08084046
   0.10948618]
 ...
 [ 0.03379484 -0.01460386 -0.06581773 ...  0.04433384  0.16088235
  -0.13811602]
 [ 0.05302136 -0.10827649  0.02945803 ...  0.00739423  0.16846277
  -0.13284028]
 [ 0.10186781 -0.12178019 -0.13036647 ...  0.09554288  0.11344079
  -0.18030275]]
simple_rnn_13/simple_rnn_cell_13/recurrent_kernel:0
(100, 100)
[[-0.12753436 -0.08739782  0.09169053 ... -0.04418026 -0.19510683
  -0.06866165]
 [-0.01329881 -0.0156851  -0.02947497 ...  0.11982201 -0.01750516
  -0.12707078]
 [ 0.06051103  0.07053508 -0.00733483 ... -0.09289181 -0.08343431
  -0.03919594]
 ...
 [ 0.1102334  -0.05227278  0.02903535 ...  0.05435795 -0.01614719
  -0.0252058 ]
 [ 0.11911736  0.06410331  0.04347247 ...  0.09733789 -0.02873696
  -0.0742671 ]
 [-0.04346914 -0.13848184  0.10919526 ... -0.00593507 -0.10455909
  -0.00959272]]
simple_rnn_13/simple_rnn_cell_13/bias:0
(100,)
[-0.00534271  0.01111127 -0.00315554  0.00929871  0.00278643 -0.00340322
 -0.01995306  0.00308772 -0.00419145 -0.00735197 -0.00395246 -0.00146463
  0.01484606  0.00563881 -0.0004874   0.00274469  0.0048992  -0.0065921
 -0.01050694 -0.00362295  0.00093168 -0.00243695 -0.00429514 -0.00822847
  0.00115894  0.00412528  0.00525231  0.0041197   0.00598699  0.00030807
  0.00055861  0.00980906  0.00345268  0.00130424 -0.00021774  0.00544426
 -0.01092414  0.00879836  0.00551285  0.00472037  0.0039849   0.00889486
 -0.00259527 -0.00448061 -0.00433636 -0.00280866  0.01391248  0.00576991
  0.005103    0.00251786  0.00479566  0.00906798 -0.00705611  0.01204396
  0.00113343 -0.02041661 -0.00397488  0.00142906 -0.00179256  0.00278591
  0.00917944 -0.00291852  0.00624722 -0.00537551  0.00010153  0.00185106
  0.00276868 -0.00258221  0.00713085 -0.00334925  0.00451782 -0.00044768
 -0.00890316  0.00425771  0.0072212   0.01215963 -0.00428969  0.01016832
 -0.00155643 -0.00304696  0.00715144  0.0021987   0.01303715  0.0063343
 -0.00661648 -0.00433482  0.00385782  0.00376991 -0.0179297  -0.00168255
 -0.00095069  0.00793207  0.00188017 -0.0071454  -0.00309784  0.00033955
 -0.00179156  0.00129647 -0.01365851  0.004858  ]
dense_22/kernel:0
(100, 1)
[[-0.16997722]
 [ 0.1022934 ]
 [-0.12350754]
 [-0.02886943]
 [-0.08696339]
 [-0.0156702 ]
 [-0.1403584 ]
 [-0.21817552]
 [-0.07767726]
 [-0.10006171]
 [-0.14365894]
 [ 0.05309433]
 [ 0.08908766]
 [-0.08597101]
 [ 0.01715407]
 [-0.11638292]
 [ 0.14517364]
 [-0.19506782]
 [-0.12170253]
 [-0.17083918]
 [ 0.14620599]
 [-0.14991793]
 [-0.13883948]
 [ 0.17795785]
 [ 0.06124378]
 [ 0.1387661 ]
 [ 0.19446747]
 [-0.15808263]
 [ 0.14849523]
 [ 0.17541328]
 [-0.1834283 ]
 [ 0.13450375]
 [-0.0071161 ]
 [ 0.16680501]
 [ 0.19468841]
 [ 0.11159482]
 [-0.14969149]
 [ 0.04035717]
 [ 0.12735447]
 [ 0.19060485]
 [ 0.11449258]
 [ 0.19968791]
 [-0.16252464]
 [-0.07031321]
 [-0.17251258]
 [-0.20827834]
 [ 0.07944256]
 [-0.03054887]
 [ 0.08373909]
 [-0.13369362]
 [ 0.17165075]
 [ 0.06481477]
 [-0.17492801]
 [ 0.0548378 ]
 [ 0.1838793 ]
 [-0.04992018]
 [-0.16640586]
 [-0.01712054]
 [-0.00577545]
 [ 0.1640934 ]
 [ 0.03513448]
 [-0.01026749]
 [-0.03472454]
 [-0.11635669]
 [-0.14248036]
 [ 0.16418943]
 [-0.08290589]
 [-0.16687606]
 [ 0.02356458]
 [-0.14553726]
 [ 0.10203622]
 [-0.18854375]
 [-0.19245952]
 [ 0.09557078]
 [ 0.0361043 ]
 [ 0.15953785]
 [-0.11339043]
 [ 0.2022042 ]
 [-0.0508262 ]
 [ 0.17805518]
 [ 0.08424577]
 [-0.07937527]
 [ 0.11036417]
 [ 0.05584726]
 [-0.12462468]
 [-0.19294755]
 [-0.19267388]
 [-0.05626027]
 [-0.10521486]
 [ 0.1829662 ]
 [-0.01174399]
 [ 0.19984972]
 [ 0.1926074 ]
 [-0.20615031]
 [-0.21719688]
 [-0.06192295]
 [ 0.02750432]
 [-0.02076817]
 [-0.08434247]
 [ 0.16804563]]
dense_22/bias:0
(1,)
[0.03800362]
